0,391
0,390
0,5
0,281
36,4
36,3
36,2
36,1
36,0
0,46
0,394
0,393
0,199
0,304
0,198
0,302
0,197
0,196
0,297
0,296
35,4
35,3
35,2
35,1
35,0
0,59
0,389
0,388
0,290
0,289
0,56
0,287
0,387
0,54
0,53
0,52
0,385
0,282
34,3
34,2
0,277
34,1
34,0
0,268
0,384
0,6
0,267
0,266
0,265
0,264
0,263
0,262
0,261
0,260
0,259
0,257
0,256
33,3
33,2
0,255
33,1
33,0
0,252
0,254
0,253
0,251
0,250
0,249
0,386
0,248
0,247
0,246
0,245
0,244
0,242
0,240
0,239
32,3
32,2
0,238
32,1
32,0
0,235
0,237
0,236
0,234
0,233
0,232
0,231
0,230
0,229
0,228
0,227
0,226
0,224
0,223
31,3
31,2
0,222
31,1
31,0
0,220
0,219
0,215
0,214
0,213
0,212
30,4
30,3
30,2
0,211
30,1
30,0
0,208
0,207
0,203
0,202
0,201
0,308
0,200
0,306
29,4
29,3
29,2
29,1
29,0
0,195
0,63
0,62
0,61
0,60
28,4
28,3
28,2
28,1
28,0
0,55
0,278
0,2
0,50
0,315
0,49
0,313
0,48
0,280
0,312
27,4
27,3
27,2
0,12
0,279
27,1
27,0
0,45
0,319
0,204
0,310
0,309
0,307
26,3
26,2
0,305
26,1
26,0
0,303
0,300
0,299
25,3
25,2
0,298
25,1
25,0
0,318
0,193
0,317
0,192
0,295
0,293
0,292
24,3
24,2
0,291
24,1
24,0
0,316
0,58
0,57
0,288
0,286
14,3
0,285
13,3
0,272
0,271
23,3
23,2
0,11
0,275
0,276
0,10
0,9
0,284
0,8
23,1
23,0
0,7
3,3
0,51
10,317
0,549
10,316
10,315
0,548
0,243
10,314
0,547
10,313
10,312
0,546
10,311
0,545
10,310
10,309
0,544
11,30
10,308
